1398.8
1399
1399.2
1399.4
1399.6
1399.8
1400
1400.2
1400.4
1400.6
1400.8
1401
1401.2
1401.4
1401.6
1401.8
1402
1402.2
1402.4
1402.6
1402.8
1403
1403.2
1403.4
1403.6
1403.8
1404
1404.2
1404.4
1404.6
1404.8
1405
1405.2
1405.4
1405.6
1405.8
1406
1406.2
1406.4
1406.6
1406.8
1407
1407.2
1407.4
1407.6
1407.8
1408
1408.2
1408.4
1408.6
1408.8
1409
1409.2
1409.4
1409.6
1409.8
1410
1410.2
1410.4
1410.6
1410.8
1411
1411.2
1411.4
1411.6
1411.8
1412
1412.2
1412.4
1412.6
1412.8
1413
1413.2
1413.4
1413.6
1413.8
1414
1414.2
1414.4
1414.6
1414.8
1415
1415.2
1415.4
1415.6
1415.8
1416
1416.2
1416.4
1416.6
1416.8
1417
1417.2
1417.4
1417.6
1417.8
1418
1418.2
1418.4
1418.6
1418.8
1419
1419.2
1419.4
1419.6
1419.8
1420
1420.2
1420.4
1420.6
1420.8
1421
1421.2
1421.4
1421.6
1421.8
1422
1422.2
1422.4
1422.6
1422.8
1423
1423.2
1423.4
1423.6
1423.8
1424
1424.2
1424.4
1424.6
1424.8
1425
1425.2
1425.4
1425.6
1425.8
1426
1426.2
1426.4
1426.6
1426.8
1427
1427.2
1427.4
1427.6
1427.8
1428
1428.2
1428.4
1428.6
1428.8
1429
1429.2
1429.4
1429.6
1429.8
1430
1430.2
1430.4
1430.6
1430.8
1431
1431.2
1431.4
1431.6
1431.8
1432
1432.2
1432.4
1432.6
1432.8
1433
1433.2
1433.4
1433.6
1433.8
1434
1434.2
1434.4
1434.6
1434.8
1435
1435.2
1435.4
1435.6
1435.8
1436
1436.2
1436.4
1436.6
1436.8
1437
1437.2
1437.4
1437.6
1437.8
1438
1438.2
1438.4
1438.6
1438.8
1439
1439.2
1439.4
1439.6
1439.8
1440
1440.2
1440.4
1440.6
1440.8
1441
1441.2
1441.4
1441.6
1441.8
1442
1442.2
1442.4
1442.6
1442.8
1443
1443.2
1443.4
1443.6
1443.8
1444
1444.2
1444.4
1444.6
1444.8
1445
1445.2
1445.4
1445.6
1445.8
1446
1446.2
1446.4
1446.6
1446.8
1447
1447.2
1447.4
1447.6
1447.8
1448
1448.2
1448.4
1448.6
1448.8
1449
1449.2
1449.4
1449.6
1449.8
1450
1450.2
1450.4
1450.6
1450.8
1451
1451.2
1451.4
1451.6
1451.8
1452
1452.2
1452.4
1452.6
1452.8
1453
1453.2
1453.4
1453.6
1453.8
1454
1454.2
1454.4
1454.6
1454.8
1455
1455.2
1455.4
1455.6
1455.8
1456
1456.2
1456.4
1456.6
1456.8
1457
1457.2
1457.4
1457.6
1457.8
1458
1458.2
1458.4
1458.6
1458.8
1459
1459.2
1459.4
1459.6
1459.8
1460
1460.2
1460.4
1460.6
1460.8
1461
1461.2
1461.4
1461.6
1461.8
1462
1462.2
1462.4
1462.6
1462.8
1463
1463.2
1463.4
1463.6
1463.8
1464
1464.2
1464.4
1464.6
1464.8
1465
1465.2
1465.4
1465.6
1465.8
1466
1466.2
1466.4
1466.6
1466.8
1467
1467.2
1467.4
1467.6
1467.8
1468
1468.2
1468.4
1468.6
1468.8
1469
1469.2
1469.4
1469.6
1469.8
1470
1470.2
1470.4
1470.6
1470.8
1471
1471.2
1471.4
1471.6
1471.8
1472
1472.2
1472.4
1472.6
1472.8
1473
1473.2
1473.4
1473.6
1473.8
1474
1474.2
1474.4
1474.6
1474.8
1475
1475.2
1475.4
1475.6
1475.8
1476
1476.2
1476.4
1476.6
1476.8
1477
1477.2
1477.4
1477.6
1477.8
1478
1478.2
1478.4
1478.6
1478.8
1479
1479.2
1479.4
1479.6
1479.8
1480
1480.2
1480.4
1480.6
1480.8
1481
1481.2
1481.4
1481.6
1481.8
1482
1482.2
1482.4
1482.6
1482.8
1483
1483.2
1483.4
1483.6
1483.8
1484
1484.2
1484.4
1484.6
1484.8
1485
1485.2
1485.4
1485.6
1485.8
1486
1486.2
1486.4
1486.6
1486.8
1487
1487.2
1487.4
1487.6
1487.8
1488
1488.2
1488.4
1488.6
1488.8
1489
1489.2
1489.4
1489.6
1489.8
1490
1490.2
1490.4
1490.6
1490.8
1491
1491.2
1491.4
1491.6
1491.8
1492
1492.2
1492.4
1492.6
1492.8
1493
1493.2
1493.4
1493.6
1493.8
1494
1494.2
1494.4
1494.6
1494.8
1495
1495.2
1495.4
1495.6
1495.8
1496
1496.2
1496.4
1496.6
1496.8
1497
1497.2
1497.4
1497.6
1497.8
1498
1498.2
1498.4
1498.6
1498.8
1499
1499.2
1499.4
1499.6
1499.8
1500
1500.2
1500.4
1500.6
1500.8
1501
1501.2
1501.4
1501.6
1501.8
1502
1502.2
1502.4
1502.6
1502.8
1503
1503.2
1503.4
1503.6
1503.8
1504
1504.2
1504.4
1504.6
1504.8
1505
1505.2
1505.4
1505.6
1505.8
1506
1506.2
1506.4
1506.6
1506.8
1507
1507.2
1507.4
1507.6
1507.8
1508
1508.2
1508.4
1508.6
1508.8
1509
1509.2
1509.4
1509.6
1509.8
1510
1510.2
1510.4
1510.6
1510.8
1511
1511.2
1511.4
1511.6
1511.8
1512
1512.2
1512.4
1512.6
1512.8
1513
1513.2
1513.4
1513.6
1513.8
1514
1514.2
1514.4
1514.6
1514.8
1515
1515.2
1515.4
1515.6
1515.8
1516
1516.2
1516.4
1516.6
1516.8
1517
1517.2
1517.4
1517.6
1517.8
1518
1518.2
1518.4
1518.6
1518.8
1519
1519.2
1519.4
1519.6
1519.8
1520
1520.2
1520.4
1520.6
1520.8
1521
1521.2
1521.4
1521.6
1521.8
1522
1522.2
1522.4
1522.6
1522.8
1523
1523.2
1523.4
1523.6
1523.8
1524
1524.2
1524.4
1524.6
1524.8
1525
1525.2
1525.4
1525.6
1525.8
1526
1526.2
1526.4
1526.6
1526.8
1527
1527.2
1527.4
1527.6
1527.8
1528
1528.2
1528.4
1528.6
1528.8
1529
1529.2
1529.4
1529.6
1529.8
1530
1530.2
1530.4
1530.6
1530.8
1531
1531.2
1531.4
1531.6
1531.8
1532
1532.2
1532.4
1532.6
1532.8
1533
1533.2
1533.4
1533.6
1533.8
1534
1534.2
1534.4
1534.6
1534.8
1535
1535.2
1535.4
1535.6
1535.8
1536
1536.2
1536.4
1536.6
1536.8
1537
1537.2
1537.4
1537.6
1537.8
1538
1538.2
1538.4
1538.6
1538.8
1539
1539.2
1539.4
1539.6
1539.8
1540
1540.2
1540.4
1540.6
1540.8
1541
1541.2
1541.4
1541.6
1541.8
1542
1542.2
1542.4
1542.6
1542.8
1543
1543.2
1543.4
1543.6
1543.8
1544
1544.2
1544.4
1544.6
1544.8
1545
1545.2
1545.4
1545.6
1545.8
1546
1546.2
1546.4
1546.6
1546.8
1547
1547.2
1547.4
1547.6
1547.8
1548
1548.2
1548.4
1548.6
1548.8
1549
1549.2
1549.4
1549.6
1549.8
1550
1550.2
1550.4
1550.6
1550.8
1551
1551.2
1551.4
1551.6
1551.8
1552
1552.2
1552.4
1552.6
1552.8
1553
1553.2
1553.4
1553.6
1553.8
1554
1554.2
1554.4
1554.6
1554.8
1555
1555.2
1555.4
1555.6
1555.8
1556
1556.2
1556.4
1556.6
1556.8
1557
1557.2
1557.4
1557.6
1557.8
1558
1558.2
1558.4
1558.6
1558.8
1559
1559.2
1559.4
1559.6
1559.8
1560
1560.2
1560.4
1560.6
1560.8
1561
1561.2
1561.4
1561.6
1561.8
1562
1562.2
1562.4
1562.6
1562.8
1563
1563.2
1563.4
1563.6
1563.8
1564
1564.2
1564.4
1564.6
1564.8
1565
1565.2
1565.4
1565.6
1565.8
1566
1566.2
1566.4
1566.6
1566.8
1567
1567.2
1567.4
1567.6
1567.8
1568
1568.2
1568.4
1568.6
1568.8
1569
1569.2
1569.4
1569.6
1569.8
1570
1570.2
1570.4
1570.6
1570.8
1571
1571.2
1571.4
1571.6
1571.8
1572
1572.2
1572.4
1572.6
1572.8
1573
1573.2
1573.4
1573.6
1573.8
1574
1574.2
1574.4
1574.6
1574.8
1575
1575.2
1575.4
1575.6
1575.8
1576
1576.2
1576.4
1576.6
1576.8
1577
1577.2
1577.4
1577.6
1577.8
1578
1578.2
1578.4
1578.6
1578.8
1579
1579.2
1579.4
1579.6
1579.8
1580
1580.2
1580.4
1580.6
1580.8
1581
1581.2
1581.4
1581.6
1581.8
1582
1582.2
1582.4
1582.6
1582.8
1583
1583.2
1583.4
1583.6
1583.8
1584
1584.2
1584.4
1584.6
1584.8
1585
1585.2
1585.4
1585.6
1585.8
1586
1586.2
1586.4
1586.6
1586.8
1587
1587.2
1587.4
1587.6
1587.8
1588
1588.2
1588.4
1588.6
1588.8
1589
1589.2
1589.4
1589.6
1589.8
1590
1590.2
1590.4
1590.6
1590.8
1591
1591.2
1591.4
1591.6
1591.8
1592
1592.2
1592.4
1592.6
1592.8
1593
1593.2
1593.4
1593.6
1593.8
1594
1594.2
1594.4
1594.6
1594.8
1595
1595.2
1595.4
1595.6
1595.8
1596
1596.2
1596.4
1596.6
1596.8
1597
1597.2
1597.4
1597.6
1597.8
1598
1598.2
1598.4
1598.6
1598.8
1599
1599.2
1599.4
1599.6
1599.8
1600
1600.2
1600.4
1600.6
1600.8
1601
1601.2
1601.4
1601.6
1601.8
1602
1602.2
1602.4
1602.6
1602.8
1603
1603.2
1603.4
1603.6
1603.8
1604
1604.2
1604.4
1604.6
1604.8
1605
1605.2
1605.4
1605.6
1605.8
1606
1606.2
1606.4
1606.6
1606.8
1607
1607.2
1607.4
1607.6
1607.8
1608
1608.2
1608.4
1608.6
1608.8
1609
1609.2
1609.4
1609.6
1609.8
1610
1610.2
1610.4
1610.6
1610.8
1611
1611.2
1611.4
1611.6
1611.8
1612
1612.2
1612.4
1612.6
1612.8
1613
1613.2
1613.4
1613.6
1613.8
1614
1614.2
1614.4
1614.6
1614.8
1615
1615.2
1615.4
1615.6
1615.8
1616
1616.2
1616.4
1616.6
1616.8
1617
1617.2
1617.4
1617.6
1617.8
1618
1618.2
1618.4
1618.6
1618.8
1619
1619.2
1619.4
1619.6
1619.8
1620
1620.2
1620.4
1620.6
1620.8
1621
1621.2
1621.4
1621.6
1621.8
1622
1622.2
1622.4
1622.6
1622.8
1623
1623.2
1623.4
1623.6
1623.8
1624
1624.2
1624.4
1624.6
1624.8
1625
1625.2
1625.4
1625.6
1625.8
1626
1626.2
1626.4
1626.6
1626.8
1627
1627.2
1627.4
1627.6
1627.8
1628
1628.2
1628.4
1628.6
1628.8
1629
1629.2
1629.4
1629.6
1629.8
1630
1630.2
1630.4
1630.6
1630.8
1631
1631.2
1631.4
1631.6
1631.8
1632
1632.2
1632.4
1632.6
1632.8
1633
1633.2
1633.4
1633.6
1633.8
1634
1634.2
1634.4
1634.6
1634.8
1635
1635.2
1635.4
1635.6
1635.8
1636
1636.2
1636.4
1636.6
1636.8
1637
1637.2
1637.4
1637.6
1637.8
1638
1638.2
1638.4
1638.6
1638.8
1639
1639.2
1639.4
1639.6
1639.8
1640
1640.2
1640.4
1640.6
1640.8
1641
1641.2
1641.4
1641.6
1641.8
1642
1642.2
1642.4
1642.6
1642.8
1643
1643.2
1643.4
1643.6
1643.8
1644
1644.2
1644.4
1644.6
1644.8
1645
1645.2
1645.4
1645.6
1645.8
1646
1646.2
1646.4
1646.6
1646.8
1647
1647.2
1647.4
1647.6
1647.8
1648
1648.2
1648.4
1648.6
1648.8
1649
1649.2
1649.4
1649.6
1649.8
1650
1650.2
1650.4
1650.6
1650.8
1651
1651.2
1651.4
1651.6
1651.8
1652
1652.2
1652.4
1652.6
1652.8
1653
1653.2
1653.4
1653.6
1653.8
1654
1654.2
1654.4
1654.6
1654.8
1655
1655.2
1655.4
1655.6
1655.8
1656
1656.2
1656.4
1656.6
1656.8
1657
1657.2
1657.4
1657.6
1657.8
1658
1658.2
1658.4
1658.6
1658.8
1659
1659.2
1659.4
1659.6
1659.8
1660
1660.2
1660.4
1660.6
1660.8
1661
1661.2
1661.4
1661.6
1661.8
1662
1662.2
1662.4
1662.6
1662.8
1663
1663.2
1663.4
1663.6
1663.8
1664
1664.2
1664.4
1664.6
1664.8
1665
1665.2
1665.4
1665.6
1665.8
1666
1666.2
1666.4
1666.6
1666.8
1667
1667.2
1667.4
1667.6
1667.8
1668
1668.2
1668.4
1668.6
1668.8
1669
1669.2
1669.4
1669.6
1669.8
1670
1670.2
1670.4
1670.6
1670.8
1671
1671.2
1671.4
1671.6
1671.8
1672
1672.2
1672.4
1672.6
1672.8
1673
1673.2
1673.4
1673.6
1673.8
1674
1674.2
1674.4
1674.6
1674.8
1675
1675.2
1675.4
1675.6
1675.8
1676
1676.2
1676.4
1676.6
1676.8
1677
1677.2
1677.4
1677.6
1677.8
1678
1678.2
1678.4
1678.6
1678.8
1679
1679.2
1679.4
1679.6
1679.8
1680
1680.2
1680.4
1680.6
1680.8
1681
1681.2
1681.4
1681.6
1681.8
1682
1682.2
1682.4
1682.6
1682.8
1683
1683.2
1683.4
1683.6
1683.8
1684
1684.2
1684.4
1684.6
1684.8
1685
1685.2
1685.4
1685.6
1685.8
1686
1686.2
1686.4
1686.6
1686.8
1687
1687.2
1687.4
1687.6
1687.8
1688
1688.2
1688.4
1688.6
1688.8
1689
1689.2
1689.4
1689.6
1689.8
1690
1690.2
1690.4
1690.6
1690.8
1691
1691.2
1691.4
1691.6
1691.8
1692
1692.2
1692.4
1692.6
1692.8
1693
1693.2
1693.4
1693.6
1693.8
1694
1694.2
1694.4
1694.6
1694.8
1695
1695.2
1695.4
1695.6
1695.8
1696
1696.2
1696.4
1696.6
1696.8
1697
1697.2
1697.4
1697.6
1697.8
1698
1698.2
1698.4
1698.6
1698.8
1699
1699.2
1699.4
1699.6
1699.8
1700
1700.2
1700.4
1700.6
1700.8
1701
1701.2
1701.4
1701.6
1701.8
1702
1702.2
1702.4
1702.6
1702.8
1703
1703.2
1703.4
1703.6
1703.8
1704
1704.2
1704.4
1704.6
1704.8
1705
1705.2
1705.4
1705.6
1705.8
1706
1706.2
1706.4
1706.6
1706.8
1707
1707.2
1707.4
1707.6
1707.8
1708
1708.2
1708.4
1708.6
1708.8
1709
1709.2
1709.4
1709.6
1709.8
1710
1710.2
1710.4
1710.6
1710.8
1711
1711.2
1711.4
1711.6
1711.8
1712
1712.2
1712.4
1712.6
1712.8
1713
1713.2
1713.4
1713.6
1713.8
1714
1714.2
1714.4
1714.6
1714.8
1715
1715.2
1715.4
1715.6
1715.8
1716
1716.2
1716.4
1716.6
1716.8
1717
1717.2
1717.4
1717.6
1717.8
1718
1718.2
1718.4
1718.6
1718.8
1719
1719.2
1719.4
1719.6
1719.8
1720
1720.2
1720.4
1720.6
1720.8
1721
1721.2
1721.4
1721.6
1721.8
1722
1722.2
1722.4
1722.6
1722.8
1723
1723.2
1723.4
1723.6
1723.8
1724
1724.2
1724.4
1724.6
1724.8
1725
1725.2
1725.4
1725.6
1725.8
1726
1726.2
1726.4
1726.6
1726.8
1727
1727.2
1727.4
1727.6
1727.8
1728
1728.2
1728.4
1728.6
1728.8
1729
1729.2
1729.4
1729.6
1729.8
1730
1730.2
1730.4
1730.6
1730.8
1731
1731.2
1731.4
1731.6
1731.8
1732
1732.2
1732.4
1732.6
1732.8
1733
1733.2
1733.4
1733.6
1733.8
1734
1734.2
1734.4
1734.6
1734.8
1735
1735.2
1735.4
1735.6
1735.8
1736
1736.2
1736.4
1736.6
1736.8
1737
1737.2
1737.4
1737.6
1737.8
1738
1738.2
1738.4
1738.6
1738.8
1739
1739.2
1739.4
1739.6
1739.8
1740
1740.2
1740.4
1740.6
1740.8
1741
1741.2
1741.4
1741.6
1741.8
1742
1742.2
1742.4
1742.6
1742.8
1743
1743.2
1743.4
1743.6
1743.8
1744
1744.2
1744.4
1744.6
1744.8
1745
1745.2
1745.4
1745.6
1745.8
1746
1746.2
1746.4
1746.6
1746.8
1747
1747.2
1747.4
1747.6
1747.8
1748
1748.2
1748.4
1748.6
1748.8
1749
1749.2
1749.4
1749.6
1749.8
1750
1750.2
1750.4
1750.6
1750.8
1751
1751.2
1751.4
1751.6
1751.8
1752
1752.2
1752.4
1752.6
1752.8
1753
1753.2
1753.4
1753.6
1753.8
1754
1754.2
1754.4
1754.6
1754.8
1755
1755.2
1755.4
1755.6
1755.8
1756
1756.2
1756.4
1756.6
1756.8
1757
1757.2
1757.4
1757.6
1757.8
1758
1758.2
1758.4
1758.6
1758.8
1759
1759.2
1759.4
1759.6
1759.8
1760
1760.2
1760.4
1760.6
1760.8
1761
1761.2
1761.4
1761.6
1761.8
1762
1762.2
1762.4
1762.6
1762.8
1763
1763.2
1763.4
1763.6
1763.8
1764
1764.2
1764.4
1764.6
1764.8
1765
1765.2
1765.4
1765.6
1765.8
1766
1766.2
1766.4
1766.6
1766.8
1767
1767.2
1767.4
1767.6
1767.8
1768
1768.2
1768.4
1768.6
1768.8
1769
1769.2
1769.4
1769.6
1769.8
1770
1770.2
1770.4
1770.6
1770.8
1771
1771.2
1771.4
1771.6
1771.8
1772
1772.2
1772.4
1772.6
1772.8
1773
1773.2
1773.4
1773.6
1773.8
1774
1774.2
1774.4
1774.6
1774.8
1775
1775.2
1775.4
1775.6
1775.8
1776
1776.2
1776.4
1776.6
1776.8
1777
1777.2
1777.4
1777.6
1777.8
1778
1778.2
1778.4
1778.6
1778.8
1779
1779.2
1779.4
1779.6
1779.8
1780
1780.2
1780.4
1780.6
1780.8
1781
1781.2
1781.4
1781.6
1781.8
1782
1782.2
1782.4
1782.6
1782.8
1783
1783.2
1783.4
1783.6
1783.8
1784
1784.2
1784.4
1784.6
1784.8
1785
1785.2
1785.4
1785.6
1785.8
1786
1786.2
1786.4
1786.6
1786.8
1787
1787.2
1787.4
1787.6
1787.8
1788
1788.2
1788.4
1788.6
1788.8
1789
1789.2
1789.4
1789.6
1789.8
1790
1790.2
1790.4
1790.6
1790.8
1791
1791.2
1791.4
1791.6
1791.8
1792
1792.2
1792.4
1792.6
1792.8
1793
1793.2
1793.4
1793.6
1793.8
1794
1794.2
1794.4
1794.6
1794.8
1795
1795.2
1795.4
1795.6
1795.8
1796
1796.2
1796.4
1796.6
1796.8
1797
1797.2
1797.4
1797.6
1797.8
1798
1798.2
1798.4
1798.6
